b = [
1
-1
-3
-53
-1863
-92713
-3710155
594673187
329366540401
104491760828591
19610322215706989
-5244397496803513989
-7592640928150019948759
-2156328049189410651012985
3923796638128806973444887205
4835995123161649256573006676435
-4268483751449486260917713386079007
-18581347500475204057583673499997006497
-2144424268151426688705328023020488421667
108688458572837735664509183201007928496768811
165117275392083674726948246940311332899266249113
-977404490474766572043964551835543826792356011540681
-4081137388389421641146233639042314800256515624203522539
12344216679525485845758750887418112706377102934200702269827
130660072680797691618585141528570715492936205726980208910402897
-145425109729894137097011932527231159035477673056500341928420246001
-5988930201413454490923459092034397130591007250704183945644873361225651
-6561369357644619135737904654615423095511940809214829681601904960057157413
395594658399328247260737283736462752688551875658628886093026426400786454069257
1668896385521596627204713860598747605689899804250640620488772963720642425581375975
-36943294327950922335605424785128802386831064618264526001551074453471020784502433827451
-334751874702631884017972189893983227076016553671585223177207060198095795666544140470426317
4714797630931825792434047410106221169686994921184558964871260414606342803972286058739255634369
81186628847372661369486625884347741708323865143221229207757853450659702883665762881932869609814719
-777326717154788143043466040034407482261512639779602910615012614116310710258784023068114049290192269891
-25567159782559391773785002558246439714677366692292768046826964737326384913330831030911436711532019108782453
146073651964499277187558421319632507821290770548818394715495157291609222021711171941224954294883143350497475193
10617276415696422661848972485977226967297223898183854671828259282256831716864165040912289617297912978224314165934231
-16501399312187306394891725057231840668192692286655866528664682334154451141878508350292134903364213824566447743807641355
-5806339848131229398613027021881171423696456396227357238943743006291772479889858704027344909994250617873445454184575430310685
-20207191381658196786340231974258222765320364892055391633467132997346695865650430202245142028475804202471354175530803711135520207
4148916486358112449439384103021630455080177658511323216130305030067690924912092746090916462401255098850062450268961199467101627681647
41282589557907620814589750866400257642279539125425935022411732481415433970391249432127637974634134855460977750724839577043026391056850733
-3831092588627170919291156411374986448935556049409659566354581248909950010228082905372169504431741330791043407376273992178711211549780467099589
-71165174410144149683013545850970820750721045543185371451425728303557412402895969668465171119395896648711478414411309844296058012830197409323732759
4511910140847673632862145024135985255478724047334065001914338261695053075520927360300034076727796898577464167465042974842007305998664668704991388758855
137339738207745271798174182312313101857976606215119409147781108746486431724934863187736029970063444758315653029108810695028731304262160211760642992260941925
-6673295821486134805167868383352078627968657414843611621461061068956560518010816806109453005398320953760062651055886271336084831005877854953203844363800266794861
-316064529504267140966504931557602087862972340194935119933809112233263106816619591915765995651235193818031128961673424209232604275916253923239532494921871729231313247
12159495532674013248743011004967938093806556191039388874681047140668263500094956267601429986610302152047530372757881480425403312956045162865765170653173671538845400739871
884838279761423088712450596897748856719758191928158866397458112960945042549857319784975143768562597913496101428137914558693022739947104398648895024893014694007964376885476509
-26568129860715951698853841880410750766533409687019736089583785235622035748903534044783565764967617132481900283853807981527109323905163498266760833796966851490076139704943075506709
-3030647558951940786655967178480593480772395122705492173669685729222298540153250851504750060160155731264109882142272364074004340106199990250241725774631689108406410257852064260097531047
66457166946939359118900860024636609875602575628668714571984965455930438171600923249053626770542321654607619547549334693960201484268501334857104020461820497637026693477974904392536023712247
12697212449579095806326784795881328306698953167971175206386981135739634693118164585414084145961847849017724475759583296797021447815857980361153660979819139774392250164540850080746420572230456277
-170344419928742157406625505897790469799845625680000722811962673684248418502368424684315806932082888579540485438220293113978927883839924045880685174252157536814385801257966187039839071017365695995837
-64878979494657038907698351163064334921479115124928115713031810065881987149335545954267429900099546719433950333532748537049062322953150296009261205108376534264404263806713050809154588707878423811001336047
254908642333319634981163721161813052145692794801259224499752139779084959714458615289275113020676703710714329808640886643409366394443225185437194764771683011933081620128869572503652144435290204071734342543567
402569906895541346096809928387630167563349035815700449895501933334259588445433623789506319962541856306198972340765989137740524606429650810407377231781375927694999719121957547407875074766714727886981211437103506957
2832920811928771278632451351762500343422268088231600857036729438329130146857927122789023199923352445722522127864973186724705843670357884836923001763101633422766328230760185308048267095103476094318063013237747479291803
-3018013343746925771969313940034493519561035413894244613407010563822555806473585527570637065582828063300467490122088861160047507165206581575391345261263409345848070998472741421043532517098204044638189734950373738849939058231
-60404478390816001056128088562472741322208575587539153841368428310835584594501527446685137954779836786314670176406992165782397751095620060525033213192290318977795452222569714261124707155167313026801491866661437200005344824548185
27187308393269949674463318943032459781593131352831296887592524968951011913008582254032985884476400445720505569686135303430677103652152474085625557243628005535173350545234167370188143002316576207765944239473819270105623662750263708485
968640933890655812026528958135986355116593040660760065257569254417658816757233576496111990013608777893222002609512267205168133483564151125587312733334479204777315817123131507063747184732371896721026124327253395705939693835258098378841075
-292607077324916185905327859056451784291204828513679694320917949297074480286971115339917312103356240129238556007005410023439081481831997877022116954558883212499995720386375021763608410193596835339416158457194507440941264414456151433865939479679
-15995864677856273468994598650300019051785275865701206932353635778460848329992691890333899070014710125902673751746760802024754144364016252347350509038952118808433572351180260531457596860935454114478116381709231849077348282079546097616960899493644929
3740141833392571666300897001347837832635120471542867537350983884815421849300501798125629490508799499832986601333636524258306080624751268503437323690019515631716614653005138829419846040737900838528569449717564247271733662981399300226038330708547553811325
292399413312167556627828610238228710842561809263127892140805773306452678984049721480610584868907349837552029249042169656236126540575619945806269823359853189465015534616970481384317299728442675926250781708105831891799858465471656685257934063754805853030972747
-56424835427784037883522732246712664074284918070936415003961036782587788933108710773029416146195936557778435081874147240618644363434596273906784795785002662570135002956796666383264520625201755273894890499704011757575924012105204657132740583475311829282155606000583
-6072757509987768001631390868921535776279665461593143216547697282328334401551381043840430470972235708836381249830581966499594370583409645460947152239335980530731023206384061277492275378810895776857593908338343724441996451978114092762866499135297488309872579521828873385
998047304092048858016066492097710655315985346040376744385190407565900522065309758461413730952687310072883810355265106925891987909523053073076497048143399113766288526227321526536498075768830747472307571983647343873699765578436491014155070816153335618333653042278428531470005
144851494848634449260929876879754253207512797355797018658565482812098316188198477758767889088292504453857969197707403666425916149452130756560248704098074510332216298670938014082786676781040522995454870397445198556698152373969396630977586045402785805335545697805375597370019728291
-20547705212278881921131434796582514099646848306945020517389101763310040896143941593152615096132194930057227069273736511220114637861701921943395288176769022837261339587716657527889462721777561401845484557175264919727928369862768951052429777209915289099777010959485349185393373126786063
-3985398220918816461915081333045987869019951109710201907930331342772226228241198101578632428125266159014556896475103057760560516889465711175687053107489209288034355876971454907993046351156906148664339780105866903035552457202891645413172978122817365225792924775150173739926069571635227519441
488256557277300321023279081949968574857720607074336499218683710939574564879674860126245288975799939737287758432030239042248570419261252749498451203571127129358018007752303332860359547211130121961669734828598434385463663856230027308911193844728660182730480979522117289976160616584415754575535341
126634299025203785710681966399892865818598088086343128937977093405300629568416471139324731600286660168864843306818744531933695855278158207532761899847356259623379999583110318189613259748374935903694818220977679222252148275203683451705029102054056390037045871096278422132249497677714650133281638958843
-13251578990733839607285373703172993899896769571702818398992738488903888406482595002164465901753334357667502826331550878136099127845659995097538429137162830310331499106605282960371560357896082060271622147569172818215995676097353488768696226216400915186606666545038519391978355510811698409197536055479835991
-4644671257231630912991381326551417631059915263559621353006933628172177757282220943489589662210111700172378009718361678069697290431377099896334480643366232176918000472666907207035363532466476410984275881524968998208576967127986554613658857989602723048921494861301574606253387853536080237670607951085500972554745
404958187384661665928741731039375994694235554794533265971376289294328561397669722913123248359968862063489241543298343705316323061336043237150326511695191600974116066709336458461989238588358216312237546480732916696602496624582130441466458695395666303694734453650657173273792947541378564210976866462503634316607700517
196366528003796935778795252444946311198223426358081220038485278097830665202406407691068099398669663128118323031430033284785252986358772076930381466762061230012486377397283391445070576824894172228798184258274839128565771104073226081094344029522108844616386471664201536183706214531558886127152436025390049702438383302274899
-13625100638145613836736512569712073611286583865514682298419078320768153065145738862219941485768920572351420849350030643636571569101994150642978258611893611681390952134533536301081074915676440335717607673943668881643926516821562031002518220502852117267621362941274272883122569470703688811413029527240159721801035796921655996319
-9550733083461265608695965386147458325677154191096911118591288092777983524055365543453315501083006109543179931637745673579531753062462910350995274468776462682639366657012043069234966561818036970485638272485270779754461605360068413419391940031748486527322121393591916615824305030486400159818564498102549047659252933770876137560864033
483706129230611668963240802300938432648305764732601184464720346278966450452261992888957017219046755520354756093297149148009115313508786652165003462784051354753638109635716800031670709402331608400158705556285967053657968925824609441278611444130601960343474254571909838360923544501636923874281393845686545039823829506777986506872958823005
533177233488522550322355749527455611037709653963109553735653462111325812120715285190991150932312059249730239137232376109524503620748518856119465923040646244529036703532487345793272639461608832947416641212133744737518056152014471578765446096381517037447102280634890066912281625028305620309622006595202914299028585584136334573503565891914794155
-16237146417064905034095474653677604874480000905859607039327938647204369194194669021572147368049359626150429295410745045858133259625151594719029946438116560727022734120193872738643034584663286876574059723227262609492669868942612973222150660338718930689638420766611251514699846797519988902238065616378684808469870043015935144739522262905721480755943
-34080051112738077566278355986733411759088482817089297491706846201106849047270857928623096175426898770937867992394916881103882762567452464158428240184773745151881723745650232292507151270485360928081178395469031908836459357060560662378510454928663728660773343337256085069447104534569836945012721512016461232317941183558212042422414117478308240522315348809
283711765482037255037291304125541230818184433020026230602255565046723180570781539301942538663932199599899706121128435256865961515489915907117890714720077566858580001072810994571973899205075015904378715968270488241250418722097839206899139302853613591036602033300397615780287445156542100837143770235756675794796597418132048682881813170427084491453548635748757
2487743205476328295814157342773803037345043591370597687305130099536614450100827734963510631506947929521370102594452747081277595873902291246477736460464380265818298060379910132591779929464677607002027102555165109900557305920306305977301813756536727361660105905183111746347890435073736215024301586131439194053558490217469780611309427507814262344313910207427316745987
40373287360474855931473215573627663839504949328668147625939764415789169506379508639514485735026254411518725990096887222497809241090110804740015623793150071612788213823706364801746591541006216177216234288858582771335859268491864416678054317106542574148805598618814212942758504378287750506574188151491767791036547253288560846038326321224495303359988601301305512483895505
-206846011818307421116865237281629600072269566239959452316359829477549421218189288665548159460752588385325456200697966524048661514280607804953119787829077826552270927133980994315760507538807269808244039219505700371207616149319534672737573711288183058361965499070546727804179316134897257218251813150539705018453312937857292717129453520753738036235798126196737652621548508867697
-9045172905340993023011029659988707889439477330505789822624097921929174653889160921716887682799080489065957771706236095302769358211095127361696311139221650847602155487806348764609983880668630477115477638136813365096111185479782155269440981546100170791262566014026637687542566152486828606572055043325366421858583066772096207602314326919380882768186458832965296578640487274993417267
19537752121129651869842484499300056680738422812221985115968620474424230180300619223833048295919713147566623355451346589330209369107406166582387345422398109093371521557847569851125755156547898117054469807243039083717365781543896211927113744376254905229873126690339701131420581486607590116211903967713669938706998194156544943515110874154622580173903298569353511324267593307553279895287387
1460555400658729116494882504983307394807314050854972326420142817465947620576760166669965099529331783718204865941271154605969285613647471478335002585786277116384150016622873357150097741644049138342635246955719094611572120371632062850614895439129682871382410321551487679969575192285869634324427601075581056243041805902474103640161591387882308075642928522912791499380671926926737063113901613961
-2090907415111258989026002920899868085421787439115515513105328413423048257839469835416406377099026791065288748553179670173865224934775309496845061553346047238248024361438754281978351732624290046500554630138192202264676754934267427585652325203845962763706583736808874849884429424271978219334796448849793773111446725390481673559680655701120602314157943735074579335117491561638577904238101773842253977
-229947565804133091834345886712904710217561269909056017052510554462028646772950628330614815330723347980518584047389520114508000012757850789862878321789672673775175003846023813550757828830138506952947488623223115932572907900774465399522526802521451181322371810039471304593460895284763759070782845345168581312457838001127207248424063583041019696437730658114038417619537564035268964075067120718928255475451
252857246387827646849685088246641393619035706134315027533184224687573457784555432190691620435085334757009312139562937947592784421199716038530664033203667344126846046599595916746579510641884714383940210445628414202498589154604112492366062270361839773966414415215371034515145151822552980602065310053306570315682607369929033571854575879646169497263087691300590572460352166269279715726458884042386090015473406643
37972447829818747602851387969501907223253728328405474359864038693297643817763650942761778950098538140603171551222850924200182740425796754769645399342580067113716602830866459792470257449808076068787842176376433604553641800218132480415840444523898298317999906829283131794365517099752590389310331324603465807760408505496354884885213894610973250944428201164441272013958623783322607893192370126058405024281208001166657
-34462349183314625052188784138566525809089394963862072936281823145602826223120066554563763659771955025236811027840965931552691261192577998711667938555062550146939903742997778064791512674151184468825040893603876322321899279892455784369364408674418807740463900859787719606134230732602515881246203105231597161890906737085833680538953593949691169544661832568680250319364933549856707053087295353072279649830458827167355883457
-6764901750111027188246226894853564134233861532635828373543040674674222396337076419222388159647495606049099214057524303463996587216327883108989461885630795170158010723271648491316966777004475955204950281215414722377137776699903629496924461769463511801558273521093953476787532279089224220026089329671001961121756092877499375583477018848514871086794959942957738119253872608608538680972744555988966664410074192685288387685439171
5279465077111245196673541133815205827400902315334971729505239277166037428669590959025015943218019048073302880963416897067034523943790631736263503845880735611689014523669383677780193361486871283658387577332442793842774041145732166583328054466862103987018712279299563361348627309853028951309893943500058196079466438199102398630137771909360071494330148697319664059743601021726565706513265697033311455930030880975692745772362699037707
]
